level_price
92.47
